123456
000000
111111
222222
333333
444444
555555
666666
777777
888888
999999
102938
918273
564738
192837
473829
564839
102983
283746
394857
465829
738264
918374
102937
748392
019283
029384
019384
374852
748390
564739
1234
4321
0000
1111
2222
9999
9876
8888
0001
0042
1337
2025
2026
12345
54321
1234567
7654321
12345678
87654321
404040
500500
500200
202020
303030
424242
123-456
123 456
12-3456
1-23456
ABC-123
A1B2C3
X9Y8Z7
QWERTY
HELLO1
LOGIN1
VERIFY
ACCESS
SECURE
TOKEN1
GETIN1
PROOF1
CONFIRM
APPROVE
000-000
