+44 7700 900123
+44 7700 900204
+44 20 7946 0958
+44 7700 900318
+44 7700 900456
+44 20 7946 0112
+44 7700 900527
+44 20 7946 0347
+44 7700 900641
+44 7700 900075
+44 20 7946 0489
+44 7700 900832
+44 7700 900169
+44 20 7946 0521
+44 7700 900290
+44 20 7946 0673
+44 7700 900713
+44 7700 900384
+44 20 7946 0034
+44 7700 900046
+44 7700 900592
+44 20 7946 0765
+44 7700 900867
+44 20 7946 0810
+44 7700 900231
+44 7700 900908
+44 20 7946 0296
+44 7700 900350
+44 20 7946 0154
+44 7700 900774
+44 7700 900415
+44 20 7946 0902
+44 7700 900682
+44 20 7946 0438
+44 7700 900059
+44 7700 900926
+44 20 7946 0587
+44 7700 900147
+44 20 7946 0629
+44 20 7946 0071
