+34 612 34 56 78
+34 620 15 48 92
+34 91 123 45 67
+34 655 78 21 46
+34 634 92 07 15
+34 93 412 56 78
+34 678 45 30 89
+34 91 548 02 39
+34 691 26 74 03
+34 615 83 49 27
+34 93 268 04 91
+34 647 09 62 51
+34 660 37 18 94
+34 91 736 91 24
+34 683 51 26 70
+34 606 74 85 12
+34 93 745 39 12
+34 629 40 93 68
+34 91 402 68 15
+34 652 18 07 35
+34 675 96 24 81
+34 93 501 87 26
+34 698 32 51 07
+34 610 67 89 43
+34 91 859 37 40
+34 638 24 15 96
+34 663 90 47 22
+34 93 634 15 08
+34 687 13 58 06
+34 645 72 90 31
+34 91 315 74 96
+34 617 05 36 84
+34 672 88 14 59
+34 93 892 60 47
+34 622 49 73 10
+34 657 61 02 98
+34 91 671 20 53
+34 711 23 45 89
+34 93 176 42 35
+34 722 84 06 17
