+39 347 123 4567
+39 333 481 2096
+39 02 1234 5678
+39 320 574 8931
+39 339 062 4785
+39 06 4872 0159
+39 328 916 3350
+39 335 728 1904
+39 02 4805 7291
+39 348 250 6173
+39 338 649 0812
+39 06 5561 8734
+39 349 307 5248
+39 340 892 1637
+39 02 8637 0415
+39 342 415 7920
+39 011 234 5678
+39 345 086 3491
+39 351 934 6072
+39 06 3290 4617
+39 366 271 8543
+39 368 508 2917
+39 02 5049 8362
+39 370 143 9268
+39 371 685 0724
+39 051 634 0287
+39 373 829 4106
+39 377 460 1385
+39 06 8145 7302
+39 380 752 9034
+39 388 316 4859
+39 081 552 7194
+39 389 097 2641
+39 392 538 7160
+39 02 7318 6920
+39 393 764 0298
+39 331 205 8476
+39 011 890 2461
+39 350 981 3752
+39 045 803 6521
