00118
00121
00144
00153
00184
00185
00192
20121
20122
20124
20129
20133
20154
80121
80126
80133
80138
10121
10126
10134
10152
90121
90133
90141
16121
16129
16149
40121
40128
40139
50121
50127
50142
70121
70126
95121
95131
30121
30122
30172
37121
37135
98121
98168
35121
35131
34121
34143
25121
25126
74121
59100
43121
41121
89121
42121
06121
57121
48121
09121
09124
71121
47921
84121
44121
07100
04100
20900
96100
65121
24121
47121
38121
36100
05100
39100
28100
29121
60121
52100
33100
47521
73100
19121
61121
15121
56121
51100
55100
88100
72100
22100
31100
21100
58100
14100
81100
26100
11100
85100
