06000
06100
06600
06700
03100
03810
11000
11560
04000
04510
01000
02000
05000
14000
16000
44100
44130
44600
44840
45010
45500
64000
64060
64620
64710
66220
66450
67100
72000
72400
72810
22000
22010
21000
22800
37000
76000
76230
78000
20000
98000
34000
31000
32000
83000
80000
82000
63000
48300
28000
58000
50000
62000
39300
39000
68000
29000
29200
86000
91700
91000
89000
87000
87300
88500
88000
25000
27000
25700
97000
97130
77500
77560
77710
77000
24000
42000
90000
36000
36500
38000
60000
60950
75700
94500
94300
93230
96400
30700
23000
23450
81200
85000
84000
28200
53000
54000
55000
57000
54700
