28001
28004
28013
28015
28028
28045
08001
08002
08007
08013
08028
08036
46001
46002
46010
46021
41001
41003
41010
41013
50001
50004
50008
29001
29005
29010
29016
30001
30008
07001
07012
35001
35010
03001
03012
48001
48009
48011
14001
14010
47001
47010
36201
36202
33201
33001
33004
15001
15008
18001
18010
01001
01008
03201
38001
38004
08911
30201
08221
11401
08201
28931
28801
31001
31008
28941
04001
28911
20001
20011
39001
39008
09001
12001
02001
28901
37001
21001
26001
06001
43001
24001
11001
25001
29601
17001
27001
10001
45001
32001
23001
19001
40001
05001
16001
22001
49001
34001
42001
44001
